2
1
0
main
3
15
2
1
0
g
3
16
3
11
2
1
0
a
3
4
1
11.000000
3
14
2
1
0
d
3
4
1
2.000000
3
14
2
1
0
i
3
14
2
1
0
total
3
4
1
0.000000
3
14
2
1
0
q
3
14
2
2
0
r
3
14
2
1
0
s
3
14
2
1
0
lo
3
14
2
3
0
y
3
4
4
a
3
14
2
2
0
k
3
4
1
1.000000
3
14
2
18
3
5
3
5
0
i
3
14
0
r
3
4
1
1.000000
3
7
1
1.000000
3
14
0
s
3
4
0
a
3
9
0
d
3
14
0
lo
3
4
0
a
3
10
0
d
3
14
0
s
3
4
0
a
3
10
0
d
3
14
2
5
3
15
0
a
3
2
0
d
3
16
3
11
0
q
3
4
0
a
3
14
0
a
3
4
0
d
3
14
0
d
3
4
0
q
3
14
3
12
2
6
3
11
0
q
3
4
0
d
3
14
0
d
3
4
0
a
3
14
0
a
3
4
0
q
3
14
3
12
2
11
3
15
0
a
3
5
0
d
3
16
3
11
0
d
3
4
0
a
3
7
1
1.000000
3
14
3
12
2
17
3
6
3
6
0
total
3
14
2
11
3
15
0
i
3
6
1
100.000000
3
16
3
11
0
total
3
4
0
total
3
7
0
i
3
14
0
i
3
4
0
i
3
7
1
1.000000
3
14
3
12
2
17
3
6
3
6
0
total
3
14
0
i
3
4
1
0.000000
3
14
2
16
1
0.000000
3
14
3
12
